3
75
113
2 72 1
2 71 2
2 70 3
2 69 4
2 67 5
2 61 6
2 59 7
2 58 8
2 55 9
2 53 10
2 52 11
2 49 12
2 43 13
2 36 14
2 35 15
2 34 16
2 31 17
2 29 18
2 27 19
2 25 20
2 19 21
2 18 22
2 17 23
2 15 24
2 14 25
2 12 26
2 11 27
2 10 28
2 6 29
2 1 30
3 75 1
3 74 2
3 73 3
3 71 4
3 68 5
3 66 6
3 65 7
3 64 8
3 62 9
3 61 10
3 60 11
3 55 12
3 51 13
3 47 14
3 45 15
3 44 16
3 41 17
3 40 18
3 38 19
3 37 20
3 34 21
3 33 22
3 28 23
3 26 24
3 25 25
3 23 26
3 22 27
3 21 28
3 20 29
3 16 30
3 13 31
3 9 32
3 8 33
3 7 34
3 3 35
3 2 36
3 1 37
1 71 1
1 68 2
1 63 3
1 61 4
1 57 5
1 56 6
1 54 7
1 50 8
1 48 9
1 46 10
1 42 11
1 39 12
1 37 13
1 36 14
1 34 15
1 32 16
1 30 17
1 25 18
1 24 19
1 21 20
1 19 21
1 9 22
1 5 23
1 4 24
1 1 25
